%YAML:1.0
---
CameraExtrinsicMat: !!opencv-matrix
   rows: 4
   cols: 4
   dt: d
   data: [ -7.0779903194427174e-02, -3.7849245198657733e-02,
       9.9677361519137297e-01, 2.2921520534373985e-01,
       -9.9745937080164426e-01, 1.0762875640075276e-02,
       -7.0419912723205857e-02, -2.9521706502045625e-01,
       -8.0628099180842794e-03, -9.9922549764597579e-01,
       -3.8514879597068452e-02, -1.5647908848559949e-01, 0., 0., 0., 1. ]
CameraMat: !!opencv-matrix
   rows: 3
   cols: 3
   dt: d
   data: [ 1.9627131246784029e+03, 0., 9.7515971493690063e+02, 0.,
       1.9682008536409182e+03, 5.4221079144097973e+02, 0., 0., 1. ]
DistCoeff: !!opencv-matrix
   rows: 1
   cols: 5
   dt: d
   data: [ -5.8117640997518183e-01, 3.6604723385540339e-01,
       1.8051326156641742e-03, -4.4527176642138689e-03,
       -5.6322522686054435e-02 ]
ImageSize: [ 1920, 1020 ]
ReprojectionError: 2.3380372122416929e-01
